# Blender v3.2.2 OBJ File: ''
# www.blender.org
mtllib UsCraftNiteHandgun1.mtl
o Cube
v -1.703283 1.905492 -4.906651
v -2.370071 1.909097 -4.925465
v -1.806493 1.844818 -1.260433
v -2.473281 1.848423 -1.279247
v -1.699212 2.730842 -4.892802
v -2.366000 2.734447 -4.911616
v -1.802422 2.670168 -1.246583
v -2.469210 2.673772 -1.265397
vt 0.625000 0.500000
vt 0.875000 0.500000
vt 0.875000 0.750000
vt 0.625000 0.750000
vt 0.375000 0.750000
vt 0.625000 1.000000
vt 0.375000 1.000000
vt 0.375000 0.000000
vt 0.625000 0.000000
vt 0.625000 0.250000
vt 0.375000 0.250000
vt 0.125000 0.500000
vt 0.375000 0.500000
vt 0.125000 0.750000
vn 0.9996 -0.0054 0.0282
vn -0.0283 -0.0166 0.9995
vn 0.0049 0.9998 0.0168
vn -0.9996 0.0054 -0.0282
vn -0.0049 -0.9998 -0.0168
vn 0.0283 0.0166 -0.9995
usemtl Material
s off
f 1/1/1 5/2/1 7/3/1 3/4/1
f 4/5/2 3/4/2 7/6/2 8/7/2
f 8/8/3 7/9/3 5/10/3 6/11/3
f 6/12/4 2/13/4 4/5/4 8/14/4
f 2/13/5 1/1/5 3/4/5 4/5/5
f 6/11/6 5/10/6 1/1/6 2/13/6
o Cube.001
v -2.395282 2.620629 -0.852138
v -1.888186 2.617887 -0.837830
v -2.380118 2.629543 -1.387867
v -1.873021 2.626802 -1.373559
v -2.398762 1.915245 -0.863975
v -1.891665 1.912503 -0.849666
v -2.383597 1.924159 -1.399703
v -1.876501 1.921418 -1.385395
vt 0.375000 0.000000
vt 0.625000 0.000000
vt 0.625000 0.250000
vt 0.375000 0.250000
vt 0.625000 0.500000
vt 0.375000 0.500000
vt 0.625000 0.750000
vt 0.375000 0.750000
vt 0.625000 1.000000
vt 0.375000 1.000000
vt 0.125000 0.500000
vt 0.125000 0.750000
vt 0.875000 0.500000
vt 0.875000 0.750000
vn 0.0049 0.9998 0.0168
vn 0.0283 0.0166 -0.9995
vn -0.0049 -0.9998 -0.0168
vn -0.0283 -0.0166 0.9995
vn -0.9996 0.0054 -0.0282
vn 0.9996 -0.0054 0.0282
usemtl None
s off
f 9/15/7 10/16/7 12/17/7 11/18/7
f 11/18/8 12/17/8 16/19/8 15/20/8
f 15/20/9 16/19/9 14/21/9 13/22/9
f 13/22/10 14/21/10 10/23/10 9/24/10
f 11/25/11 15/20/11 13/22/11 9/26/11
f 16/19/12 12/27/12 10/28/12 14/21/12
o Cube.002
v -2.383497 2.577920 -0.914280
v -1.958992 2.575625 -0.902302
v -2.388793 2.574807 -0.727195
v -1.964287 2.572512 -0.715217
v -2.385190 2.234732 -0.920039
v -1.960684 2.232438 -0.908061
v -2.390485 2.231619 -0.732953
v -1.965980 2.229324 -0.720975
vt 0.375000 0.000000
vt 0.375000 0.250000
vt 0.625000 0.250000
vt 0.625000 0.000000
vt 0.375000 0.500000
vt 0.625000 0.500000
vt 0.375000 0.750000
vt 0.625000 0.750000
vt 0.375000 1.000000
vt 0.625000 1.000000
vt 0.125000 0.500000
vt 0.125000 0.750000
vt 0.875000 0.750000
vt 0.875000 0.500000
vn 0.0049 0.9998 0.0168
vn -0.0283 -0.0166 0.9995
vn -0.0049 -0.9998 -0.0168
vn 0.0283 0.0166 -0.9995
vn -0.9996 0.0054 -0.0282
vn 0.9996 -0.0054 0.0282
usemtl None
s off
f 17/29/13 19/30/13 20/31/13 18/32/13
f 19/30/14 23/33/14 24/34/14 20/31/14
f 23/33/15 21/35/15 22/36/15 24/34/15
f 21/35/16 17/37/16 18/38/16 22/36/16
f 19/39/17 17/40/17 21/35/17 23/33/17
f 24/34/18 22/36/18 18/41/18 20/42/18
o Cube.003
v -2.386022 1.715668 -2.783977
v -1.847594 1.712757 -2.768784
v -2.344108 1.740308 -4.264722
v -1.805680 1.737397 -4.249530
v -2.385014 1.919930 -2.780549
v -1.846586 1.917020 -2.765357
v -2.343100 1.944571 -4.261295
v -1.804672 1.941660 -4.246102
vt 0.375000 0.000000
vt 0.375000 0.250000
vt 0.625000 0.250000
vt 0.625000 0.000000
vt 0.375000 0.500000
vt 0.625000 0.500000
vt 0.375000 0.750000
vt 0.625000 0.750000
vt 0.375000 1.000000
vt 0.625000 1.000000
vt 0.125000 0.500000
vt 0.125000 0.750000
vt 0.875000 0.750000
vt 0.875000 0.500000
vn -0.0049 -0.9998 -0.0168
vn 0.0283 0.0166 -0.9995
vn 0.0049 0.9998 0.0168
vn -0.0283 -0.0166 0.9995
vn -0.9996 0.0054 -0.0282
vn 0.9996 -0.0054 0.0282
usemtl None
s off
f 25/43/19 27/44/19 28/45/19 26/46/19
f 27/44/20 31/47/20 32/48/20 28/45/20
f 31/47/21 29/49/21 30/50/21 32/48/21
f 29/49/22 25/51/22 26/52/22 30/50/22
f 27/53/23 25/54/23 29/49/23 31/47/23
f 32/48/24 30/50/24 26/55/24 28/56/24
o Cube.004
v -1.963382 1.090965 -2.834404
v -2.267515 1.092609 -2.842985
v -1.955414 1.095649 -3.115901
v -2.259547 1.097293 -3.124483
v -1.957136 2.357307 -2.813154
v -2.261268 2.358951 -2.821736
v -1.949167 2.361991 -3.094652
v -2.253300 2.363635 -3.103233
vt 0.375000 0.000000
vt 0.625000 0.000000
vt 0.625000 0.250000
vt 0.375000 0.250000
vt 0.625000 0.500000
vt 0.375000 0.500000
vt 0.625000 0.750000
vt 0.375000 0.750000
vt 0.625000 1.000000
vt 0.375000 1.000000
vt 0.125000 0.500000
vt 0.125000 0.750000
vt 0.875000 0.500000
vt 0.875000 0.750000
vn -0.0049 -0.9998 -0.0168
vn 0.0283 0.0166 -0.9995
vn 0.0049 0.9998 0.0168
vn -0.0283 -0.0166 0.9995
vn 0.9996 -0.0054 0.0282
vn -0.9996 0.0054 -0.0282
usemtl None
s off
f 33/57/25 34/58/25 36/59/25 35/60/25
f 35/60/26 36/59/26 40/61/26 39/62/26
f 39/62/27 40/61/27 38/63/27 37/64/27
f 37/64/28 38/63/28 34/65/28 33/66/28
f 35/67/29 39/62/29 37/64/29 33/68/29
f 40/61/30 36/69/30 34/70/30 38/63/30
o Cube.005
v -1.930834 1.150495 -3.976593
v -2.234967 1.152139 -3.985174
v -1.922866 1.155179 -4.258090
v -2.226999 1.156823 -4.266672
v -1.924987 2.335813 -3.956703
v -2.229120 2.337457 -3.965285
v -1.917019 2.340497 -4.238201
v -2.221152 2.342141 -4.246782
vt 0.375000 0.000000
vt 0.625000 0.000000
vt 0.625000 0.250000
vt 0.375000 0.250000
vt 0.625000 0.500000
vt 0.375000 0.500000
vt 0.625000 0.750000
vt 0.375000 0.750000
vt 0.625000 1.000000
vt 0.375000 1.000000
vt 0.125000 0.500000
vt 0.125000 0.750000
vt 0.875000 0.500000
vt 0.875000 0.750000
vn -0.0049 -0.9998 -0.0168
vn 0.0283 0.0166 -0.9995
vn 0.0049 0.9998 0.0168
vn -0.0283 -0.0166 0.9995
vn 0.9996 -0.0054 0.0282
vn -0.9996 0.0054 -0.0282
usemtl None
s off
f 41/71/31 42/72/31 44/73/31 43/74/31
f 43/74/32 44/73/32 48/75/32 47/76/32
f 47/76/33 48/75/33 46/77/33 45/78/33
f 45/78/34 46/77/34 42/79/34 41/80/34
f 43/81/35 47/76/35 45/78/35 41/82/35
f 48/75/36 44/83/36 42/84/36 46/77/36
o Cube.006
v -2.294715 1.089859 -2.833132
v -1.942739 1.087957 -2.823200
v -2.255137 1.113126 -4.231314
v -1.903162 1.111223 -4.221383
v -2.293707 1.294133 -2.829704
v -1.941732 1.292230 -2.819773
v -2.254130 1.317399 -4.227887
v -1.902155 1.315496 -4.217955
vt 0.375000 0.000000
vt 0.375000 0.250000
vt 0.625000 0.250000
vt 0.625000 0.000000
vt 0.375000 0.500000
vt 0.625000 0.500000
vt 0.375000 0.750000
vt 0.625000 0.750000
vt 0.375000 1.000000
vt 0.625000 1.000000
vt 0.125000 0.500000
vt 0.125000 0.750000
vt 0.875000 0.750000
vt 0.875000 0.500000
vn -0.0049 -0.9998 -0.0168
vn 0.0283 0.0166 -0.9995
vn 0.0049 0.9998 0.0168
vn -0.0283 -0.0166 0.9995
vn -0.9996 0.0054 -0.0282
vn 0.9996 -0.0054 0.0282
usemtl None
s off
f 49/85/37 51/86/37 52/87/37 50/88/37
f 51/86/38 55/89/38 56/90/38 52/87/38
f 55/89/39 53/91/39 54/92/39 56/90/39
f 53/91/40 49/93/40 50/94/40 54/92/40
f 51/95/41 49/96/41 53/91/41 55/89/41
f 56/90/42 54/92/42 50/97/42 52/98/42
o Cube.007
v -1.937852 1.474027 -3.665863
v -2.241985 1.475671 -3.674443
v -1.933756 1.388971 -3.827341
v -2.237889 1.390615 -3.835922
v -1.929306 1.895966 -3.887895
v -2.233439 1.897610 -3.896476
v -1.925210 1.810910 -4.049373
v -2.229343 1.812554 -4.057954
vt 0.375000 0.000000
vt 0.625000 0.000000
vt 0.625000 0.250000
vt 0.375000 0.250000
vt 0.625000 0.500000
vt 0.375000 0.500000
vt 0.625000 0.750000
vt 0.375000 0.750000
vt 0.625000 1.000000
vt 0.375000 1.000000
vt 0.125000 0.500000
vt 0.125000 0.750000
vt 0.875000 0.500000
vt 0.875000 0.750000
vn -0.0179 -0.8848 0.4656
vn 0.0224 -0.4659 -0.8845
vn 0.0179 0.8848 -0.4656
vn -0.0224 0.4659 0.8845
vn 0.9996 -0.0054 0.0282
vn -0.9996 0.0054 -0.0282
usemtl None
s off
f 57/99/43 58/100/43 60/101/43 59/102/43
f 59/102/44 60/101/44 64/103/44 63/104/44
f 63/104/45 64/103/45 62/105/45 61/106/45
f 61/106/46 62/105/46 58/107/46 57/108/46
f 59/109/47 63/104/47 61/106/47 57/110/47
f 64/103/48 60/111/48 58/112/48 62/105/48
o Cube.008_Cube.009
v -1.716586 -0.307123 -4.603319
v -2.429272 -0.303270 -4.623427
v -1.693365 -0.137303 -5.393758
v -2.406052 -0.133450 -5.413867
v -1.718448 2.536819 -3.992375
v -2.431135 2.540672 -4.012483
v -1.695228 2.706639 -4.782814
v -2.407915 2.710492 -4.802922
vt 0.375000 0.000000
vt 0.625000 0.000000
vt 0.625000 0.250000
vt 0.375000 0.250000
vt 0.625000 0.500000
vt 0.375000 0.500000
vt 0.625000 0.750000
vt 0.375000 0.750000
vt 0.625000 1.000000
vt 0.375000 1.000000
vt 0.125000 0.500000
vt 0.125000 0.750000
vt 0.875000 0.500000
vt 0.875000 0.750000
vn 0.0006 -0.9777 -0.2100
vn 0.0287 0.2100 -0.9773
vn -0.0006 0.9777 0.2100
vn -0.0287 -0.2100 0.9773
vn 0.9996 -0.0054 0.0282
vn -0.9996 0.0054 -0.0282
usemtl None
s off
f 65/113/49 66/114/49 68/115/49 67/116/49
f 67/116/50 68/115/50 72/117/50 71/118/50
f 71/118/51 72/117/51 70/119/51 69/120/51
f 69/120/52 70/119/52 66/121/52 65/122/52
f 67/123/53 71/118/53 69/120/53 65/124/53
f 72/117/54 68/125/54 66/126/54 70/119/54
o Cube.009_Cube.010
v -2.376189 2.759130 -1.138580
v -1.951684 2.756835 -1.126602
v -2.381485 2.756016 -0.951494
v -1.956979 2.753721 -0.939516
v -2.377882 2.415942 -1.144339
v -1.953376 2.413647 -1.132361
v -2.383177 2.412829 -0.957253
v -1.958672 2.410534 -0.945275
vt 0.375000 0.000000
vt 0.375000 0.250000
vt 0.625000 0.250000
vt 0.625000 0.000000
vt 0.375000 0.500000
vt 0.625000 0.500000
vt 0.375000 0.750000
vt 0.625000 0.750000
vt 0.375000 1.000000
vt 0.625000 1.000000
vt 0.125000 0.500000
vt 0.125000 0.750000
vt 0.875000 0.750000
vt 0.875000 0.500000
vn 0.0049 0.9998 0.0168
vn -0.0283 -0.0166 0.9995
vn -0.0049 -0.9998 -0.0168
vn 0.0283 0.0166 -0.9995
vn -0.9996 0.0054 -0.0282
vn 0.9996 -0.0054 0.0282
usemtl None
s off
f 73/127/55 75/128/55 76/129/55 74/130/55
f 75/128/56 79/131/56 80/132/56 76/129/56
f 79/131/57 77/133/57 78/134/57 80/132/57
f 77/133/58 73/135/58 74/136/58 78/134/58
f 75/137/59 73/138/59 77/133/59 79/131/59
f 80/132/60 78/134/60 74/139/60 76/140/60
o Cube.010_Cube.011
v -1.894265 1.645815 -4.843441
v -2.139983 1.716701 -4.883078
v -1.877363 1.635748 -5.255135
v -2.137483 1.698882 -5.236638
v -1.887792 2.519570 -4.825436
v -2.143885 2.471288 -4.858568
v -1.870536 2.541592 -5.243469
v -2.140496 2.499537 -5.231124
vt 0.375000 0.000000
vt 0.625000 0.000000
vt 0.625000 0.250000
vt 0.375000 0.250000
vt 0.625000 0.500000
vt 0.375000 0.500000
vt 0.625000 0.750000
vt 0.375000 0.750000
vt 0.625000 1.000000
vt 0.375000 1.000000
vt 0.125000 0.500000
vt 0.125000 0.750000
vt 0.875000 0.500000
vt 0.875000 0.750000
vn -0.2571 -0.9660 0.0287
vn -0.0577 0.0102 -0.9983
vn -0.1712 0.9835 0.0581
vn -0.1446 -0.0256 0.9892
vn 0.9991 -0.0082 0.0410
vn -1.0000 -0.0043 -0.0082
usemtl None
s off
f 81/141/61 82/142/61 84/143/61 83/144/61
f 83/144/62 84/143/62 88/145/62 87/146/62
f 87/146/63 88/145/63 86/147/63 85/148/63
f 85/148/64 86/147/64 82/149/64 81/150/64
f 83/151/65 87/146/65 85/148/65 81/152/65
f 88/145/66 84/153/66 82/154/66 86/147/66
